{
    "accuracy": 0.9482288828337875,
    "precision": 0.896,
    "recall": 0.717948717948718,
    "auc": 0.9380240130240131
}