{
    "accuracy": 0.9583333333333334,
    "precision": 0.8666666666666667,
    "recall": 0.7761194029850746,
    "auc": 0.9400215417756579
}